Transition 25 Analysis
Time: 0.485828 s
States before transition:
x1: 1.2606644717575692e-5
x2: 1.2582279530047607e-5
States after transition:
x1: 1.3735352058166518e-5
x2: 1.3712466890433504e-5
