Transition 18 Analysis
Time: 0.391487 s
States before transition:
x1: 1.370375751068524e-5
x2: 1.3687783223777302e-5
States after transition:
x1: 1.359693232335158e-5
x2: 1.3592193974211396e-5
