Transition 2 Analysis
Time: 0.19064 s
States before transition:
x1: 1.3694220590453191e-5
x2: 1.367977932971251e-5
States after transition:
x1: 1.3621625756354049e-5
x2: 1.3615003256776263e-5
