Transition 20 Analysis
Time: 0.416483 s
States before transition:
x1: -1.3703782023995025e-5
x2: -1.3687788788915496e-5
States after transition:
x1: -1.3596666924904637e-5
x2: -1.3591888172094059e-5
