Transition 23 Analysis
Time: 0.460779 s
States before transition:
x1: -1.258379493739775e-5
x2: -1.2559517078684501e-5
States after transition:
x1: -1.3735974077680966e-5
x2: -1.3712924928218292e-5
