Transition 22 Analysis
Time: 0.441487 s
States before transition:
x1: 1.3703757508958074e-5
x2: 1.3687783222387678e-5
States after transition:
x1: 1.3596932320707766e-5
x2: 1.3592193971721446e-5
