Transition 11 Analysis
Time: 0.310779 s
States before transition:
x1: -1.2583794570954076e-5
x2: -1.255951671146942e-5
States after transition:
x1: -1.3735974103425646e-5
x2: -1.3712924944070029e-5
