Transition 3 Analysis
Time: 0.210778 s
States before transition:
x1: -1.2584566461167336e-5
x2: -1.256029955662696e-5
States after transition:
x1: -1.373598432058677e-5
x2: -1.3712930023071327e-5
