Transition 17 Analysis
Time: 0.385828 s
States before transition:
x1: 1.2606644480790359e-5
x2: 1.2582279292766004e-5
States after transition:
x1: 1.3735352059080378e-5
x2: 1.3712466891001442e-5
