Transition 12 Analysis
Time: 0.316483 s
States before transition:
x1: -1.3703782024488075e-5
x2: -1.3687788789312385e-5
States after transition:
x1: -1.3596666925844281e-5
x2: -1.3591888172979503e-5
