Transition 5 Analysis
Time: 0.235828 s
States before transition:
x1: 1.2606493847505915e-5
x2: 1.2582128343729407e-5
States after transition:
x1: 1.3735367456034896e-5
x2: 1.3712476458815168e-5
