Transition 9 Analysis
Time: 0.285828 s
States before transition:
x1: 1.2606644780830281e-5
x2: 1.2582279593434626e-5
States after transition:
x1: 1.3735352056734126e-5
x2: 1.3712466889543313e-5
