Transition 26 Analysis
Time: 0.491487 s
States before transition:
x1: 1.3703757510482415e-5
x2: 1.368778322361412e-5
States after transition:
x1: 1.3596932324088642e-5
x2: 1.3592193974905555e-5
