Transition 15 Analysis
Time: 0.360779 s
States before transition:
x1: -1.2583794935766626e-5
x2: -1.2559517077050026e-5
States after transition:
x1: -1.3735974067369036e-5
x2: -1.3712924921868907e-5
