Transition 7 Analysis
Time: 0.260779 s
States before transition:
x1: -1.2583796116911621e-5
x2: -1.2559518260681416e-5
States after transition:
x1: -1.3735974012336602e-5
x2: -1.3712924887983881e-5
