Transition 10 Analysis
Time: 0.291487 s
States before transition:
x1: 1.3703757509749318e-5
x2: 1.3687783223024286e-5
States after transition:
x1: 1.3596932324848529e-5
x2: 1.359219397562123e-5
