Transition 19 Analysis
Time: 0.410779 s
States before transition:
x1: -1.2583794561087743e-5
x2: -1.2559516701582426e-5
States after transition:
x1: -1.3735974094447325e-5
x2: -1.3712924938541809e-5
