Transition 1 Analysis
Time: 0.187003 s
States before transition:
x1: 1.2868984007397367e-5
x2: 1.2849204817276902e-5
States after transition:
x1: 1.3714252069551822e-5
x2: 1.369558352624712e-5
