Transition 21 Analysis
Time: 0.435828 s
States before transition:
x1: 1.2606644346126532e-5
x2: 1.2582279157819798e-5
States after transition:
x1: 1.3735352060735447e-5
x2: 1.371246689203005e-5
