Transition 14 Analysis
Time: 0.341487 s
States before transition:
x1: 1.3703757511009492e-5
x2: 1.3687783224038181e-5
States after transition:
x1: 1.3596932328195995e-5
x2: 1.3592193978773888e-5
